0       0
1       0
2       1
3       0
4       0
5       1
6       0
7       1
8       1
9       1
10      0
11      1
12      1
13      0
14      0
15      1
16      0
17      0
18      0
19      1
20      0
21      0
22      0
23      0
24      0
25      0
26      0
27      0
28      0
29      0
       ..
5544    0
5545    0
5546    0
5547    0
5548    0
5549    1
5550    0
5551    1
5552    0
5553    0
5554    0
5555    0
5556    0
5557    0
5558    0
5559    0
5560    0
5561    0
5562    0
5563    0
5564    0
5565    0
5566    0
5567    0
5568    1
5569    1
5570    0
5571    0
5572    0
5573    0
Length: 5574, dtype: int64